   3655.117          2  40          -3.3643      82259.11    109610.22
   3655.593          2  39          -3.3312      82259.11    109606.66
   3656.106          2  38          -3.2972      82259.11    109602.82
   3656.663          2  37          -3.2623      82259.11    109598.66
   3657.267          2  36          -3.2264      82259.11    109594.14
   3657.923          2  35          -3.1894      82259.11    109589.24
   3658.639          2  34          -3.1514      82259.11    109583.89
   3659.421          2  33          -3.1123      82259.11    109578.06
   3660.277          2  32          -3.0719      82259.11    109571.66
   3661.218          2  31          -3.0302      82259.11    109564.64
   3662.256          2  30          -2.9872      82259.11    109556.91
   3663.404          2  29          -2.9426      82259.11    109548.36
   3664.676          2  28          -2.8965      82259.11    109538.88
   3666.095          2  27          -2.8486      82259.11    109528.32
   3667.681          2  26          -2.7989      82259.11    109516.53
   3669.464          2  25          -2.7472      82259.11    109503.29
   3671.475          2  24          -2.6934      82259.11    109488.36
   3673.758          2  23          -2.6372      82259.11    109471.44
   3676.362          2  22          -2.5784      82259.11    109452.16
   3679.352          2  21          -2.5168      82259.11    109430.07
   3682.808          2  20          -2.4521      82259.11    109404.58
   3686.830          2  19          -2.3839      82259.11    109374.96
   3691.554          2  18          -2.3119      82259.11    109340.26
   3697.152          2  17          -2.2356      82259.11    109299.26
   3703.852          2  16          -2.1544      82259.11    109250.34
   3711.971          2  15          -2.0677      82259.11    109191.32
   3721.938          2  14          -1.9745      82259.11    109119.19
   3734.368          2  13          -1.8739      82259.11    109029.79
   3750.151          2  12          -1.7645      82259.11    108917.12
   3770.630          2  11          -1.6445      82259.11    108772.34
   3797.898          2  10          -1.5116      82259.11    108581.99
   3835.384          2  9           -1.3624      82259.11    108324.73
   3889.049          2  8           -1.1921      82259.11    107965.06
   3970.072          2  7           -0.9932      82259.11    107440.45
   4101.734          2  6           -0.7529      82259.11    106632.17
   4340.464          2  5           -0.4471      82259.11    105291.66
   4861.325          2  4           -0.0204      82259.11    102823.90
   6562.800          2  3            0.7095      82259.11    97492.31
   8249.973          3  40          -2.8169      97492.31    109610.22
   8252.398          3  39          -2.7835      97492.31    109606.66
   8255.018          3  38          -2.7493      97492.31    109602.82
   8257.855          3  37          -2.7141      97492.31    109598.66
   8260.934          3  36          -2.6780      97492.31    109594.14
   8264.284          3  35          -2.6408      97492.31    109589.24
   8267.936          3  34          -2.6024      97492.31    109583.89
   8271.930          3  33          -2.5630      97492.31    109578.06
   8276.308          3  32          -2.5222      97492.31    109571.66
   8281.122          3  31          -2.4801      97492.31    109564.64
   8286.431          3  30          -2.4366      97492.31    109556.91
   8292.308          3  29          -2.3915      97492.31    109548.36
   8298.834          3  28          -2.3449      97492.31    109538.88
   8306.112          3  27          -2.2964      97492.31    109528.32
   8314.260          3  26          -2.2460      97492.31    109516.53
   8323.424          3  25          -2.1935      97492.31    109503.29
   8333.783          3  24          -2.1388      97492.31    109488.36
   8345.552          3  23          -2.0816      97492.31    109471.44
   8359.003          3  22          -2.0217      97492.31    109452.16
   8374.475          3  21          -1.9588      97492.31    109430.07
   8392.396          3  20          -1.8926      97492.31    109404.58
   8413.317          3  19          -1.8227      97492.31    109374.96
   8437.955          3  18          -1.7486      97492.31    109340.26
   8467.253          3  17          -1.6699      97492.31    109299.26
   8502.483          3  16          -1.5858      97492.31    109250.34
   8545.382          3  15          -1.4955      97492.31    109191.32
   8598.392          3  14          -1.3979      97492.31    109119.19
   8665.018          3  13          -1.2918      97492.31    109029.79
   8750.473          3  12          -1.1754      97492.31    108917.12
   8862.783          3  11          -1.0463      97492.31    108772.34
   9014.910          3  10          -0.9011      97492.31    108581.99
   9229.014          3  9           -0.7349      97492.31    108324.73
   9545.972          3  8           -0.5399      97492.31    107965.06
  10049.373          3  7           -0.3027      97492.31    107440.45
  10938.095          3  6            0.0020      97492.31    106632.17
  12818.08           3  5            0.4328      97492.31    105291.66
  14731.486          4  40          -2.4283     102823.90    109610.22
  14739.219          4  39          -2.3947     102823.90    109606.66
  14747.578          4  38          -2.3601     102823.90    109602.82
  14756.637          4  37          -2.3246     102823.90    109598.66
  14766.473          4  36          -2.2881     102823.90    109594.14
  14777.178          4  35          -2.2505     102823.90    109589.24
  14788.861          4  34          -2.2117     102823.90    109583.89
  14801.642          4  33          -2.1717     102823.90    109578.06
  14815.666          4  32          -2.1304     102823.90    109571.66
  14831.099          4  31          -2.0878     102823.90    109564.64
  14848.138          4  30          -2.0436     102823.90    109556.91
  14867.015          4  29          -1.9979     102823.90    109548.36
  14888.007          4  28          -1.9504     102823.90    109538.88
  14911.445          4  27          -1.9010     102823.90    109528.32
  14937.727          4  26          -1.8497     102823.90    109516.53
  14967.335          4  25          -1.7961     102823.90    109503.29
  15000.861          4  24          -1.7401     102823.90    109488.36
  15039.037          4  23          -1.6815     102823.90    109471.44
  15082.775          4  22          -1.6200     102823.90    109452.16
  15133.221          4  21          -1.5552     102823.90    109430.07
  15191.844          4  20          -1.4868     102823.90    109404.58
  15260.538          4  19          -1.4143     102823.90    109374.96
  15341.790          4  18          -1.3373     102823.90    109340.26
  15438.920          4  17          -1.2549     102823.90    109299.26
  15556.448          4  16          -1.1665     102823.90    109250.34
  15700.662          4  15          -1.0709     102823.90    109191.32
  15880.541          4  14          -0.9668     102823.90    109119.19
  16109.313          4  13          -0.8524     102823.90    109029.79
  16407.192          4  12          -0.7252     102823.90    108917.12
  16806.520          4  11          -0.5819     102823.90    108772.34
  17362.108          4  10          -0.4173     102823.90    108581.99
  18174.121          4  9           -0.2233     102823.90    108324.73 
  18174.121          4  9           -0.2233     102823.90    108324.73
  18751.010          3  4            1.1804      97492.31    102823.90
  19445.562          4  8            0.0141     102823.90    107965.06
  21655.290          4  7            0.3211     102823.90    107440.45
  23149.513          5  40          -2.1252     105291.66    109610.22
  23168.613          5  39          -2.0911     105291.66    109606.66
  23189.278          5  38          -2.0562     105291.66    109602.82
  23211.682          5  37          -2.0202     105291.66    109598.66
  23236.027          5  36          -1.9832     105291.66    109594.14
  23262.547          5  35          -1.9451     105291.66    109589.24
  23291.510          5  34          -1.9057     105291.66    109583.89
  23323.228          5  33          -1.8651     105291.66    109578.06
  23358.066          5  32          -1.8232     105291.66    109571.66
  23396.449          5  31          -1.7798     105291.66    109564.64
  23438.881          5  30          -1.7347     105291.66    109556.91
  23485.957          5  29          -1.6881     105291.66    109548.36
  23538.387          5  28          -1.6395     105291.66    109538.88
  23597.027          5  27          -1.5890     105291.66    109528.32
  23662.909          5  26          -1.5363     105291.66    109516.53
  23737.293          5  25          -1.4813     105291.66    109503.29
  23821.730          5  24          -1.4236     105291.66    109488.36
  23918.148          5  23          -1.3631     105291.66    109471.44
