Ly 1  2  -5.8      
Ly 1  3  -5.4      
Ly 1  4  -5.0      
Ly 1  5  -4.4      
Ly 1  6  -4.2      
Ly 1  7  -3.8      
Ly 1  8  -3.8      
Ly 1  9  -3.2      
Ly 1 10  -3.4      
Ly 1 11  -3.2      
Ly 1 12  -3.0      
Ly 1 13  -3.0      
Ly 1 14  -3.8      
Ly 1 15  -2.8      
Ly 1 16  -2.8      
Ly 1 17  -2.8      
Ly 1 18  -2.6      
Ly 1 19  -2.8      
Ly 1 20  -2.6      
Ly 1 21  -2.6      
Ly 1 22  -2.6      
Ba 2  3  -3.6      
Ba 2  4  -3.4      
Ba 2  5  -3.4      
Ba 2  6  -3.8      
Ba 2  7  -3.8      
Ba 2  8  -3.6      
Ba 2  9  -3.6      
Ba 2 10  -3.6      
Ba 2 11  -3.4      
Ba 2 12  -1.77746  
Ba 2 13  -1.78023  
Ba 2 14  -2.58241  
Ba 2 15  -1.58417  
Ba 2 16  -1.58560  
Ba 2 17  -1.58678  
Ba 2 18  -1.38777  
Ba 2 19  -1.58861  
Ba 2 20  -1.38932  
Ba 2 21  -1.38994  
Ba 2 22  -1.19047  
Pa 3  4  -2.6      
Pa 3  5  -2.6      
Pa 3  6  -2.2      
Pa 3  7  -2.0      
Pa 3  8  -2.0      
Pa 3  9  -1.6      
Pa 3 10  -1.4      
Pa 3 11  -1.03159  
Pa 3 12  -1.24151  
Pa 3 13  -1.04914  
Pa 3 14  -1.85513  
Pa 3 15  -0.85993  
Pa 3 16  -0.86383  
Pa 3 17  -0.66705  
Pa 3 18  -0.66973  
Pa 3 19  -0.87200  
Pa 3 20  -0.67392  
Pa 3 21  -0.47558  
Pa 3 22  -0.47701  
Br 4  5  -2.2    
Br 4  6  -2.0    
Br 4  7  -1.6    
Br 4  8  -1.4    
Br 4  9  -1.2    
Br 4 10  -1.0    
Br 4 11  -1.2    
Br 4 12  -1.2    
Br 4 13  -0.51052
Br 4 14  -1.32224
Br 4 15  -0.33156
Br 4 16  -0.33910
Br 4 17  -0.14530
Br 4 18  -0.15046
Br 4 19  -0.35479
Br 4 20  -0.15848
Br 4 21   0.03837
Br 4 22  -0.96436
